data/stdev.asc
ncols 150
nrows 100
xllcorner 7394249
yllcorner 4841999
cellsize 30.00
nodata_value  19.2
[rows 38 to 75 of 100, columns 0 to 83 of 150]
2.50 4.50 3.90 2.20 1.10 0.60 0.70 1.20 1.90 2.20 2.30 1.90 1.20 1.30 1.90 1.90 2.10 2.30 2.10 1.10 0.10 1.50 2.00 1.10 0.70 1.30 1.30 2.10 2.30 2.10 2.30 2.30 1.90 1.40 1.20 0.70 1.60 2.00 2.20 2.20 2.00 2.90 2.80 2.90 2.70 2.10 1.50 1.60 1.40 1.10 0.70 1.00 1.10 1.10 1.10 0.80 1.50 2.20 2.40 2.70 2.40 1.90 1.60 1.60 1.60 1.70 2.30 3.30 3.60 2.80 1.80 1.50 1.70 2.00 1.80 1.40 2.40 4.00 3.90 3.20 2.30 2.10 2.50 2.60
2.70 4.60 3.90 2.30 0.90 0.60 1.10 1.80 2.50 2.20 2.40 2.10 1.90 2.20 2.70 2.50 2.40 2.20 1.80 0.80 0.40 1.50 2.00 1.50 1.50 1.80 1.70 2.00 1.50 1.30 1.70 1.60 0.90 0.20 0.20 0.30 1.90 2.20 1.90 2.20 2.20 2.60 2.70 2.60 2.20 1.50 1.20 1.50 1.40 0.80 0.60 0.80 1.00 1.20 1.30 0.90 1.70 2.60 2.50 2.40 2.10 2.00 1.80 1.90 1.80 1.80 2.20 3.10 3.60 3.20 2.20 1.70 1.60 1.80 1.70 1.40 2.70 4.10 4.00 3.50 3.00 2.80 2.80 2.60
3.90 5.50 4.80 3.00 2.10 1.90 2.50 3.40 2.90 2.50 2.60 2.40 2.00 1.80 1.70 1.50 1.40 1.50 1.20 1.00 1.30 1.70 2.10 2.00 2.00 1.80 1.50 2.10 2.00 1.90 2.10 1.70 1.10 1.30 1.40 1.30 1.80 1.80 1.30 1.80 1.70 1.70 2.10 2.10 1.50 0.80 1.10 1.60 1.30 0.60 0.40 0.90 1.30 1.40 1.40 0.90 1.60 2.90 2.80 1.90 1.60 1.90 2.10 2.00 1.90 1.80 2.00 2.70 3.20 3.00 2.00 1.30 1.20 1.50 1.70 1.80 2.90 4.10 4.00 4.00 3.90 3.50 2.90 2.50
4.30 6.10 5.80 4.40 4.30 4.40 4.20 3.80 2.70 3.00 2.70 1.80 1.50 1.50 1.40 1.10 0.90 0.90 1.00 1.60 1.90 2.20 2.50 2.40 2.00 1.20 1.80 2.70 2.50 2.00 1.40 0.90 1.60 2.10 2.10 2.10 1.60 1.40 1.30 1.90 2.10 1.60 1.50 1.50 1.30 1.10 1.40 1.60 1.20 0.40 0.50 1.20 1.70 1.60 1.40 0.80 1.40 2.90 3.00 1.60 1.50 1.90 2.30 2.20 2.00 1.70 1.80 2.40 3.00 3.00 1.90 0.90 0.80 1.10 1.30 1.50 2.70 3.50 3.20 3.80 4.00 3.80 3.00 2.60
3.30 5.70 6.30 6.00 6.10 5.80 4.80 3.30 2.60 3.00 2.10 1.60 1.60 1.80 1.90 1.40 1.00 1.00 0.90 1.40 1.70 2.00 2.30 2.20 1.50 1.90 2.90 3.10 2.50 1.50 0.40 1.20 2.20 2.50 2.20 2.20 1.80 1.10 0.90 1.60 2.10 2.00 1.60 1.30 1.60 1.60 1.60 1.80 1.50 0.80 1.30 1.80 1.80 1.40 1.20 0.90 1.50 2.90 3.00 1.70 1.70 2.10 2.40 2.40 2.20 1.70 1.80 2.60 3.00 2.80 1.90 1.20 1.00 1.00 1.00 1.00 2.90 3.10 2.00 2.50 2.90 3.30 3.20 3.00
1.90 3.90 4.40 4.30 4.00 3.30 2.80 2.30 2.60 2.30 1.80 1.90 1.80 1.90 2.00 1.40 0.80 0.70 0.70 1.30 1.80 1.80 1.80 1.40 0.80 2.50 3.10 2.50 1.70 1.00 0.10 1.30 2.40 2.50 2.00 2.10 2.30 1.60 1.00 1.60 2.00 2.20 2.00 1.00 1.50 1.80 2.00 2.40 1.90 1.60 2.00 1.90 1.50 1.10 1.10 1.00 1.60 2.80 2.80 1.40 1.60 1.80 1.70 1.90 2.00 1.80 2.20 2.80 3.00 2.50 2.00 1.50 1.10 1.00 1.00 1.10 3.00 2.60 1.60 1.70 2.20 2.60 2.90 3.30
1.90 2.50 2.00 2.00 2.00 2.60 3.20 3.00 2.60 1.80 1.40 1.60 1.40 1.70 2.10 1.60 0.70 0.60 0.70 1.10 1.90 1.90 1.70 1.60 1.80 3.20 2.70 1.60 1.90 1.60 1.20 1.40 2.20 2.40 2.00 1.60 2.30 2.20 1.60 1.70 1.90 2.30 2.00 0.80 1.00 1.60 2.10 2.80 2.20 1.70 2.10 1.60 1.20 1.00 1.30 0.90 1.80 2.70 2.40 1.40 2.10 2.10 1.70 1.50 1.50 1.90 2.60 2.90 2.70 2.30 1.90 1.40 0.90 1.00 1.40 1.40 2.60 2.40 2.20 1.80 2.00 2.10 2.60 3.20
2.10 2.80 2.60 2.90 2.60 2.20 2.30 2.50 2.40 2.10 2.10 2.20 2.00 1.90 2.10 1.60 0.70 0.80 0.90 1.40 2.00 2.00 1.90 1.90 2.50 3.40 2.40 2.20 2.60 2.60 1.90 1.70 1.90 2.20 2.40 1.90 2.10 2.70 2.00 1.90 1.90 2.20 1.90 0.70 0.70 0.90 1.70 2.60 2.10 1.20 1.90 1.50 1.30 1.30 1.40 1.10 2.10 2.50 2.00 1.70 2.30 2.20 2.00 1.80 1.60 2.00 2.70 2.70 2.40 2.00 1.60 1.00 0.60 1.70 2.20 1.90 1.70 1.60 1.60 1.20 1.60 1.90 2.20 2.60
1.60 2.40 2.30 2.60 3.10 2.90 2.80 2.60 2.20 1.80 2.00 2.10 2.10 2.10 2.00 1.40 0.60 0.80 1.10 2.10 2.00 2.10 2.10 1.70 2.40 3.70 2.80 2.40 2.40 2.40 1.60 1.70 1.50 1.70 2.40 2.20 2.00 2.60 2.50 2.10 2.00 2.10 2.30 1.90 1.90 1.30 1.50 2.40 1.90 0.70 1.50 1.60 1.10 1.10 1.20 1.20 2.40 2.30 1.50 2.00 2.50 2.10 2.30 2.30 2.00 2.40 2.70 2.60 2.00 1.70 1.30 0.80 1.10 2.00 2.20 1.50 1.00 1.30 0.90 0.70 1.00 1.30 1.60 1.90
1.40 2.30 2.70 2.70 3.00 3.10 3.30 3.00 2.20 2.00 2.10 1.90 1.70 1.40 1.30 1.00 0.60 0.80 1.20 2.20 2.00 1.80 2.10 1.60 2.00 3.20 3.10 2.40 2.50 1.90 1.70 1.90 1.90 1.60 2.00 2.30 2.00 1.80 2.10 2.00 1.80 1.80 2.40 2.00 2.00 1.70 1.50 2.20 1.60 0.30 1.20 1.60 1.20 1.00 0.90 1.30 2.50 2.00 1.10 1.90 2.30 2.20 2.50 2.50 2.20 2.30 2.30 2.10 1.80 1.40 1.10 0.80 1.30 2.30 2.10 1.30 1.30 1.80 1.20 1.00 0.80 0.70 0.80 1.10
1.50 2.10 2.90 3.00 2.80 2.60 2.40 2.50 2.30 1.90 2.10 2.40 1.80 0.80 0.70 0.50 0.40 0.60 1.30 2.30 2.20 2.10 2.20 1.70 1.90 2.50 3.30 2.90 2.50 1.70 1.80 2.00 1.70 1.50 1.30 1.90 2.30 1.80 1.80 2.10 2.00 1.80 2.20 1.60 2.00 1.90 1.70 2.10 1.40 0.10 0.80 1.60 1.50 1.20 0.70 1.60 2.40 1.70 1.30 2.20 2.10 1.70 2.20 2.40 2.30 2.10 2.00 1.80 1.40 1.20 1.00 1.00 1.60 2.20 1.70 1.10 1.60 2.00 1.50 1.60 1.00 0.70 0.70 0.70
1.80 2.50 2.70 2.50 2.40 2.70 2.40 2.40 2.50 2.30 2.00 2.40 1.90 1.00 0.60 0.60 0.60 0.60 0.90 1.60 1.90 2.10 2.20 1.80 2.00 1.90 3.40 3.90 2.40 1.50 1.80 2.00 1.10 1.30 0.70 1.50 2.20 2.40 2.10 2.10 2.20 2.00 1.80 1.70 2.50 1.80 1.40 1.80 1.20 0.50 0.80 1.40 1.50 1.60 1.00 1.80 2.40 1.70 2.00 2.60 2.40 2.00 2.20 2.40 1.90 1.40 1.60 1.80 1.40 1.10 1.10 1.30 1.60 2.00 1.30 1.30 1.70 1.80 1.50 2.10 1.00 0.70 0.70 0.90
2.20 3.30 3.30 2.70 2.20 2.90 2.70 2.00 1.90 2.30 2.30 2.40 1.90 0.90 0.60 0.90 0.80 0.90 1.50 1.80 1.70 2.00 2.30 2.20 2.40 1.80 3.40 4.20 2.80 1.90 1.90 2.30 1.70 1.70 0.50 1.50 2.10 2.50 2.20 1.60 1.70 1.60 1.30 2.30 2.70 1.20 1.00 1.60 1.40 1.20 1.20 1.40 1.40 1.90 1.70 2.20 2.80 2.00 2.30 2.80 2.20 1.90 1.80 1.90 1.60 1.20 1.70 1.70 1.20 0.90 1.60 1.70 1.60 1.50 1.20 1.60 1.60 1.20 1.50 2.10 1.20 0.80 0.70 1.20
2.60 3.70 3.40 2.70 2.50 3.10 3.00 2.00 1.40 1.60 1.70 1.70 1.40 0.70 0.60 1.10 1.20 1.30 1.90 2.00 1.60 1.70 2.20 2.20 2.20 1.70 2.80 4.20 3.60 2.00 2.00 2.40 2.00 2.00 0.90 1.80 2.20 2.20 2.10 1.60 1.50 1.30 1.80 2.70 2.20 0.70 0.90 1.40 1.50 1.40 1.40 1.60 1.70 2.30 2.10 2.30 3.10 2.70 2.60 2.60 2.00 1.40 1.10 1.40 1.60 1.40 1.90 1.40 0.70 0.80 1.70 1.80 1.50 1.10 1.00 1.10 1.10 0.70 1.40 1.90 1.60 1.30 1.00 1.00
2.90 3.70 3.30 2.90 3.10 3.50 3.00 1.80 1.00 0.70 0.70 0.80 0.90 0.70 0.70 1.40 1.90 1.90 2.10 2.10 1.70 1.80 1.90 2.00 2.10 1.40 1.50 3.20 3.60 1.90 2.00 2.60 2.20 2.70 1.50 1.90 2.10 2.10 1.90 1.80 1.80 1.20 2.30 2.70 2.20 1.90 1.80 1.80 1.90 2.10 2.20 2.30 2.40 2.60 2.20 2.00 2.70 2.70 2.50 2.40 1.70 1.10 1.10 1.30 1.30 1.30 1.60 1.20 0.80 1.00 1.60 1.70 1.60 1.20 0.90 0.80 1.00 0.80 1.30 1.40 1.60 1.70 1.50 1.30
2.80 3.50 3.20 2.80 2.90 3.00 2.20 1.30 1.70 2.00 1.90 1.70 1.30 0.70 0.70 1.60 2.10 1.60 1.80 2.20 1.90 1.60 1.50 1.70 1.90 1.80 1.50 3.40 4.20 2.00 2.20 3.10 2.50 3.10 1.40 1.70 2.00 2.10 1.80 1.90 1.90 1.10 2.30 2.30 2.00 2.20 2.20 2.10 2.20 2.50 2.50 2.50 2.60 2.50 2.20 1.80 2.00 2.20 1.90 1.90 1.40 1.10 1.30 1.50 1.30 1.20 1.20 0.90 0.90 0.90 1.20 1.50 1.60 1.60 1.30 1.30 1.30 0.90 1.10 0.90 1.00 1.40 1.70 1.80
1.90 2.80 2.70 2.00 1.30 1.10 0.80 1.60 2.30 2.20 2.40 2.40 1.70 0.80 0.60 1.50 2.00 1.30 1.80 2.60 2.10 1.80 1.60 1.50 1.80 2.20 2.10 3.70 4.50 1.90 2.30 3.00 2.30 3.00 1.40 1.40 2.20 2.50 1.90 1.70 1.50 1.00 2.20 1.70 1.60 2.20 2.50 2.70 2.30 2.10 1.90 2.10 2.30 2.00 1.80 1.50 1.80 1.90 1.70 1.40 1.20 1.10 1.30 1.50 1.30 1.10 0.80 0.70 0.90 0.80 0.90 1.30 1.60 1.80 1.70 1.70 1.50 1.20 1.20 1.10 1.10 1.40 1.70 1.70
1.40 2.50 2.40 1.90 1.10 0.40 0.40 1.70 2.40 1.70 2.10 2.80 2.10 1.20 0.80 1.50 1.70 1.20 2.10 3.20 2.50 2.00 1.80 1.60 1.80 2.30 1.80 3.30 4.50 2.00 2.30 2.60 2.20 3.00 2.40 2.10 2.60 2.50 2.00 1.50 0.90 0.90 2.00 1.40 1.50 2.10 2.30 2.60 2.40 2.10 1.80 1.90 2.00 1.60 1.10 0.60 0.90 1.20 1.30 1.20 1.00 0.70 0.70 0.90 1.00 0.80 0.70 0.90 0.80 0.40 0.50 0.60 1.00 1.30 1.50 1.50 1.30 1.20 1.30 1.40 1.30 1.30 0.90 0.60
1.90 2.90 2.80 2.30 1.20 0.80 1.20 1.90 2.50 1.70 1.90 2.90 2.80 2.10 1.60 2.00 1.80 1.50 2.00 3.30 2.70 1.40 1.30 1.40 1.60 2.20 1.90 2.90 4.30 2.80 2.50 2.60 2.30 3.30 3.50 2.90 2.60 2.00 1.70 1.10 0.40 1.00 1.70 1.00 1.40 1.50 1.00 1.50 1.70 1.70 1.50 1.70 1.60 1.20 0.80 0.60 0.50 0.50 0.60 0.70 0.80 0.70 0.70 0.60 0.70 0.70 0.80 0.90 0.60 0.10 0.00 0.10 0.50 0.60 0.80 0.70 0.80 0.70 0.80 0.90 1.00 1.10 0.70 0.00
2.10 3.00 3.30 2.90 1.60 0.80 1.10 1.50 2.50 2.60 2.20 3.30 3.60 2.80 2.40 2.90 2.70 2.20 1.90 2.90 3.10 2.20 1.80 1.80 1.60 1.90 2.10 2.60 4.00 3.10 2.50 2.40 2.00 2.60 3.10 2.80 2.10 1.50 1.60 1.50 1.20 1.70 1.50 1.00 1.20 1.40 0.80 0.70 1.10 1.30 1.30 1.30 1.00 0.60 0.60 0.60 1.00 1.30 1.50 1.70 1.80 1.70 1.30 0.90 1.10 1.20 1.20 1.00 0.60 0.30 0.10 0.20 0.30 0.30 0.50 1.00 1.40 1.40 1.40 1.30 1.30 1.20 0.70 0.20
1.90 2.80 3.50 3.30 2.00 0.90 0.80 1.30 2.40 3.10 2.60 3.20 4.00 3.40 2.60 3.50 3.50 3.10 2.50 2.70 3.30 2.60 1.90 1.80 1.60 1.80 2.30 2.10 3.20 3.00 2.20 1.70 1.40 1.70 2.00 2.20 1.50 1.50 1.90 2.10 1.80 2.30 1.80 1.20 1.10 0.90 0.80 0.80 1.00 1.10 1.20 1.00 0.70 0.50 0.70 1.60 2.30 2.90 2.80 2.70 2.20 1.90 1.60 1.20 1.20 1.50 1.40 1.30 1.10 1.00 1.30 1.50 1.70 1.50 1.60 2.00 2.10 1.90 1.60 1.40 1.10 1.00 0.90 0.90
1.50 2.60 3.50 3.30 2.40 1.60 1.20 1.60 2.50 3.50 2.80 2.70 4.00 4.10 3.10 3.70 3.60 3.30 2.90 2.80 3.10 2.70 2.20 2.40 2.50 2.20 2.30 1.80 2.40 2.80 2.10 1.40 1.20 1.90 1.90 2.10 2.10 2.30 2.40 1.90 1.40 2.10 2.10 1.60 1.30 0.80 0.60 0.90 0.80 0.60 0.70 0.70 0.60 0.60 0.70 2.00 2.60 2.80 2.40 2.30 1.80 1.70 1.50 1.20 1.10 1.50 1.60 1.60 1.70 1.70 2.00 2.20 2.30 2.20 2.10 2.20 1.80 1.30 1.00 0.80 0.80 1.20 1.50 1.80
1.30 2.60 3.70 3.40 2.60 2.00 1.80 2.10 2.10 3.10 3.10 2.20 3.00 4.00 3.30 3.70 3.40 2.70 2.70 2.50 2.60 2.40 2.30 2.30 2.50 2.30 2.00 1.30 1.50 2.10 1.90 1.50 1.50 1.80 1.60 2.00 2.20 2.20 1.80 1.10 0.70 1.50 1.80 1.70 1.50 1.30 0.70 1.00 1.30 1.50 1.40 1.30 1.10 1.00 1.30 2.30 2.70 2.30 1.70 1.50 1.60 1.60 1.40 0.90 1.30 1.80 1.70 1.50 1.60 1.60 1.60 1.60 1.40 1.50 1.20 1.40 1.10 0.90 0.80 1.00 1.50 2.00 2.20 2.30
0.90 2.20 3.60 3.70 2.60 1.90 1.70 2.40 2.40 2.70 3.10 3.10 2.60 3.90 3.30 3.50 3.60 3.10 3.20 2.60 2.80 2.60 2.20 1.50 1.60 1.80 1.80 1.30 1.20 1.70 1.80 1.80 1.60 1.60 1.10 1.10 1.00 0.80 0.30 0.00 0.00 0.70 0.90 1.20 1.50 1.60 1.30 1.30 1.80 2.30 2.40 2.70 3.10 3.40 3.10 2.60 2.50 2.30 1.50 1.00 1.20 1.40 1.50 1.60 2.00 2.20 2.10 1.90 1.90 1.70 1.40 1.20 1.00 1.10 0.50 1.10 1.10 1.10 1.20 1.90 2.20 2.60 2.70 2.60
0.30 1.30 3.10 3.70 2.70 1.90 2.00 3.10 3.20 3.00 3.10 3.70 3.00 3.60 3.50 3.60 3.90 3.70 4.00 3.50 3.30 2.80 2.20 1.80 1.70 1.80 1.80 1.50 1.40 1.40 1.60 1.80 1.60 1.50 0.90 0.70 0.40 0.00 0.00 0.20 0.30 0.40 0.40 1.40 2.10 2.50 2.40 2.30 2.50 2.50 2.60 2.80 3.50 3.80 3.40 2.60 2.10 2.10 1.40 0.80 1.20 1.50 1.70 1.90 2.30 2.60 2.40 2.40 2.30 2.50 2.20 1.90 1.70 1.80 1.40 1.60 1.40 1.20 1.20 2.10 2.70 2.90 2.90 2.50
0.00 0.20 2.30 3.60 3.30 2.10 2.70 3.70 3.50 3.10 2.80 3.30 3.40 3.50 4.10 4.20 3.90 3.80 3.90 4.10 3.70 3.00 2.50 2.10 1.80 1.30 1.10 1.10 1.30 1.30 1.40 1.50 1.50 1.30 1.00 0.90 0.50 0.10 0.50 1.10 1.50 2.00 2.20 2.60 2.90 3.00 3.30 2.90 3.00 2.60 2.60 2.70 2.90 2.20 2.20 2.20 2.50 2.50 1.80 1.20 1.40 1.40 1.10 0.80 1.50 2.10 2.30 2.10 2.10 2.70 2.80 2.60 2.50 2.60 2.30 1.80 1.50 1.30 1.20 2.20 2.90 2.80 2.70 2.30
0.70 0.90 1.80 3.30 3.60 2.80 3.20 4.50 4.10 3.70 3.30 3.10 3.50 3.00 3.60 3.90 3.20 2.60 2.20 2.30 2.10 1.80 1.50 1.40 1.00 0.50 0.30 0.60 0.80 0.90 0.90 0.80 0.90 0.70 0.70 0.80 0.60 0.70 1.40 2.10 2.80 3.70 4.30 4.10 3.70 3.50 3.70 3.10 2.90 2.80 2.80 2.90 2.80 2.10 2.00 1.90 2.60 2.70 2.10 1.60 1.50 1.40 0.80 0.50 1.50 2.30 2.00 1.70 1.50 2.00 2.40 2.70 2.70 2.80 2.40 1.80 1.70 1.70 1.50 2.00 2.80 2.10 1.80 1.60
1.00 1.60 1.60 2.90 3.50 2.90 3.60 5.30 5.10 4.80 5.00 4.70 4.40 3.00 2.20 2.00 1.30 0.90 0.80 1.20 1.60 1.60 1.40 0.90 0.70 0.60 0.50 0.80 0.90 0.90 1.00 1.10 1.10 1.00 1.20 2.20 2.20 2.30 2.90 3.20 3.00 3.70 4.10 4.20 4.10 4.40 4.30 3.50 3.00 3.00 2.90 2.90 2.60 2.10 2.10 1.90 2.40 2.30 1.60 1.60 1.80 1.80 1.40 0.70 1.30 2.20 2.20 2.10 1.50 1.40 1.80 2.20 2.30 2.60 2.60 2.40 2.40 2.20 2.00 1.70 2.30 2.10 1.90 1.50
1.20 1.80 1.30 2.00 2.90 2.80 4.60 6.00 5.10 4.10 4.20 4.00 3.50 2.60 2.00 1.60 1.20 1.80 2.20 2.40 3.40 4.20 4.60 4.40 3.40 2.40 1.90 1.70 1.60 1.50 1.70 2.00 1.80 1.40 2.20 3.70 3.50 3.20 3.40 3.50 2.60 2.90 3.50 3.60 4.30 4.80 4.70 4.00 3.80 3.50 3.00 2.50 2.40 2.30 2.50 2.10 2.10 1.80 1.10 1.50 1.90 2.10 2.10 1.50 1.10 1.80 2.00 2.20 2.00 1.60 1.60 1.60 1.70 2.20 2.30 2.40 2.50 2.30 2.30 1.50 1.70 1.80 2.20 2.00
1.30 2.10 1.40 1.70 2.60 3.30 5.30 5.60 3.40 1.80 1.70 1.70 2.40 3.00 3.80 3.90 3.40 3.80 4.20 4.00 4.50 5.20 5.80 6.00 5.10 4.10 3.80 3.10 2.00 1.30 2.20 2.80 2.60 2.40 3.10 4.20 3.20 2.60 3.10 3.30 2.40 2.40 3.80 3.80 4.20 4.60 4.60 4.10 4.20 3.70 3.10 2.60 2.60 2.40 2.40 1.80 1.30 1.40 1.00 1.40 1.40 1.60 2.10 1.80 1.00 1.50 1.70 2.00 2.20 2.10 1.90 1.30 1.10 1.80 1.80 2.00 2.00 2.20 2.40 1.50 1.50 2.20 2.80 2.60
1.70 2.30 1.50 1.80 2.60 3.50 4.90 4.00 2.60 3.60 4.40 4.80 5.60 6.80 7.70 7.40 5.90 4.80 4.90 4.40 4.40 4.50 3.90 4.70 4.60 4.40 4.50 3.90 2.20 1.60 2.40 2.50 2.10 2.30 3.90 4.70 3.30 2.90 3.00 3.40 2.80 2.50 3.90 4.90 4.70 5.00 4.60 4.10 3.70 3.80 3.70 3.40 2.90 2.40 2.30 2.00 1.30 1.50 1.00 1.30 1.00 0.90 1.70 1.90 1.30 2.10 1.70 1.60 2.20 2.50 2.30 1.60 1.00 1.70 1.70 1.90 1.70 2.00 2.50 1.70 1.90 3.10 3.30 2.70
2.10 3.20 2.20 1.90 2.10 2.90 3.80 2.50 4.10 5.40 5.80 6.50 6.60 7.20 7.20 6.60 6.10 5.10 5.40 4.50 3.90 3.90 2.70 3.90 3.80 3.20 3.70 3.50 2.60 2.40 2.80 2.30 1.60 2.30 4.50 4.80 3.50 3.20 2.90 3.40 3.10 3.30 3.70 5.90 5.60 4.80 4.30 4.00 3.70 4.00 3.70 3.40 2.80 2.30 2.20 2.00 1.50 1.50 1.00 1.30 1.10 0.80 1.40 1.90 1.50 3.10 2.90 2.50 2.20 2.40 2.40 1.80 1.20 1.50 1.80 1.90 1.60 1.80 2.20 1.80 2.60 3.50 3.10 2.20
2.50 3.30 2.20 1.70 1.90 2.30 2.30 2.40 5.60 6.60 5.70 5.70 5.20 5.30 4.70 4.10 5.20 5.20 5.30 4.80 4.10 4.10 3.00 4.30 3.80 3.30 3.60 3.60 3.40 3.10 3.30 2.80 2.60 2.40 4.60 4.40 3.10 3.70 4.40 5.00 4.50 4.50 4.20 5.80 6.30 4.90 4.20 4.20 4.40 4.10 3.50 3.10 3.00 2.70 2.10 1.60 1.50 1.50 1.30 1.40 1.40 1.10 1.40 1.60 1.50 3.60 3.30 2.80 2.60 2.20 2.30 2.10 1.30 1.50 1.90 2.00 1.70 2.00 2.10 1.90 2.80 3.30 2.60 1.30
2.80 3.80 2.80 2.10 2.20 2.40 1.60 3.50 7.10 7.00 5.00 3.80 3.70 3.80 4.00 3.40 4.20 4.80 5.00 4.90 4.70 4.40 4.10 5.20 4.90 5.00 4.80 5.20 5.00 3.80 3.40 2.90 2.90 1.90 3.90 4.10 3.30 3.70 5.20 6.10 6.00 5.70 5.70 5.50 6.30 5.60 4.60 4.60 5.00 4.80 4.10 3.50 3.40 3.10 2.40 1.60 1.60 1.50 1.40 1.50 1.50 1.50 1.50 1.30 1.90 4.00 3.60 2.60 2.70 2.50 2.30 2.00 1.40 1.40 1.30 1.40 1.80 2.40 2.70 2.50 2.80 2.90 2.10 1.10
3.20 3.60 3.20 3.20 3.10 2.80 1.30 5.00 8.10 7.00 4.50 3.20 3.30 3.60 4.00 3.50 3.90 4.70 5.30 5.20 5.50 5.10 4.90 4.90 5.10 5.40 5.30 5.80 6.00 4.10 2.80 2.30 2.60 2.10 3.10 4.00 4.30 4.10 4.60 5.60 6.00 6.50 7.70 7.70 7.20 6.50 5.20 4.70 5.20 4.90 4.30 3.80 3.80 3.70 2.90 1.80 1.70 1.30 1.30 1.40 1.60 1.70 1.50 1.00 2.20 4.10 3.70 2.40 2.60 2.80 2.80 2.50 1.80 1.40 1.20 1.40 1.90 2.70 3.20 2.70 2.40 2.50 1.70 1.20
3.90 4.10 3.90 3.10 3.00 2.20 2.60 6.30 8.40 6.30 4.00 2.90 2.50 2.80 3.20 3.30 3.50 4.00 4.30 4.20 5.00 5.00 4.80 4.20 4.70 5.00 4.90 5.10 6.00 4.20 2.50 2.60 2.80 3.70 3.30 3.70 5.00 5.00 4.70 5.40 5.70 6.30 7.30 7.90 7.20 6.80 5.70 4.40 5.00 5.40 5.10 4.40 3.90 4.20 3.00 1.40 1.20 1.10 1.40 1.40 1.50 1.70 1.50 1.20 2.10 4.10 3.60 2.20 2.00 2.30 2.60 2.50 2.30 1.80 1.70 1.90 2.10 2.70 3.20 3.20 2.50 2.10 1.10 1.50
3.60 3.50 3.00 2.00 1.50 1.40 4.00 7.00 7.70 5.60 3.80 2.70 2.40 2.40 2.40 2.40 2.50 2.70 2.80 2.70 3.40 3.90 4.20 4.20 4.60 4.70 4.70 5.20 5.80 4.60 3.20 3.00 3.70 5.00 4.50 3.90 4.80 5.60 5.30 5.60 5.50 5.30 5.40 5.70 6.30 6.30 5.90 3.80 4.20 5.20 5.30 4.60 3.80 4.30 3.10 1.80 1.50 1.50 1.70 1.40 1.30 1.70 1.90 1.70 1.80 4.00 3.80 2.30 1.70 1.80 2.10 2.30 2.50 2.80 2.90 2.80 2.70 3.00 3.70 4.10 3.50 2.60 1.60 2.00
1.70 1.40 0.40 0.70 1.80 3.20 4.50 5.80 6.40 5.40 3.60 3.40 3.20 2.70 2.20 2.00 1.90 2.00 2.10 1.90 2.00 2.40 2.80 3.10 3.30 3.40 3.90 5.00 6.10 5.20 4.40 3.60 4.10 4.90 4.80 4.50 4.40 5.80 6.20 5.90 5.10 4.30 4.00 4.30 4.70 4.80 4.20 2.80 3.10 4.50 5.00 4.40 3.50 3.80 3.10 2.40 2.00 1.70 1.80 1.40 1.40 1.60 2.10 2.00 1.60 3.50 3.50 2.70 2.10 1.60 1.70 2.00 2.50 3.00 3.60 4.00 4.10 4.30 4.40 4.70 4.00 3.00 3.00 3.20
