data/stdev.asc
ncols 150
nrows 100
xllcorner 7394249
yllcorner 4841999
cellsize 30.00
nodata_value  19.2
[rows 0 to 37 of 100, columns 0 to 83 of 150]
0.20 0.90 1.50 1.70 2.00 1.90 1.50 2.90 4.00 3.70 1.90 0.30 0.60 1.60 2.20 3.60 3.20 5.70 6.90 5.30 5.60 5.10 4.80 3.30 3.00 3.40 2.80 3.10 2.90 2.40 2.10 1.60 1.10 2.60 12.7 18.2 12.7 10.0 11.6 9.70 7.80 8.60 7.70 6.10 6.70 9.20 10.8 10.0 8.40 9.30 9.20 6.90 8.30 9.20 6.80 4.00 7.60 11.0 11.3 6.00 7.30 6.40 4.20 7.60 11.5 11.2 5.30 7.30 11.5 9.60 7.60 7.10 6.20 3.70 2.50 5.30 8.90 7.80 6.50 10.4 11.7 9.20 4.90 6.00
0.90 1.90 2.40 2.40 2.00 1.60 1.90 3.10 3.60 3.10 1.70 1.10 1.80 2.20 2.00 2.80 3.80 5.90 6.80 6.40 6.50 5.80 5.80 4.70 2.90 3.60 4.60 4.90 4.30 3.40 2.60 2.00 1.40 2.90 11.2 16.2 12.7 11.8 14.0 13.5 10.8 9.20 7.70 8.90 12.5 14.8 14.9 13.7 11.9 11.3 11.8 10.7 10.8 10.4 7.30 6.00 9.20 10.5 9.50 7.60 9.90 8.40 6.70 9.20 11.7 10.9 5.80 6.00 10.4 9.70 8.30 8.00 7.30 5.20 4.70 7.20 11.1 12.2 10.7 11.4 12.2 10.2 6.90 7.80
1.80 2.80 3.00 2.50 1.90 1.70 2.10 2.70 2.60 2.10 1.70 2.30 3.00 2.90 2.10 2.10 3.20 4.70 5.60 6.00 5.10 2.50 3.70 3.70 2.90 4.20 4.80 4.40 4.70 3.80 3.00 2.40 2.40 3.40 8.60 12.7 11.5 11.8 15.0 16.3 13.5 10.0 9.20 13.6 15.1 15.2 12.8 12.7 11.1 11.9 13.2 11.5 10.2 9.00 5.70 7.40 10.7 9.80 7.00 7.70 9.00 6.20 6.80 10.0 11.4 9.60 5.50 4.20 8.20 8.90 8.80 9.20 8.80 6.90 6.00 7.20 10.1 12.5 12.0 11.6 12.6 11.0 7.80 8.10
2.60 3.30 3.00 2.30 1.70 2.10 2.50 2.60 2.10 1.50 2.20 3.10 3.30 2.80 2.50 2.70 2.90 4.00 5.20 5.40 4.20 2.20 2.50 2.80 3.50 4.90 5.60 4.60 6.10 4.30 3.20 3.00 3.30 3.70 5.50 8.30 9.00 8.70 12.2 17.1 16.2 10.0 10.8 14.0 13.3 12.2 11.1 13.8 12.4 13.1 12.5 10.2 9.50 7.80 5.80 9.00 11.4 8.50 5.90 8.30 7.40 5.50 8.30 10.6 10.0 7.80 6.50 7.00 8.20 7.30 7.80 9.90 10.0 8.70 7.80 7.50 8.00 10.4 12.0 12.6 14.0 12.2 8.60 7.30
3.30 3.70 3.10 2.10 2.00 2.50 3.00 2.60 1.60 1.70 2.90 3.50 3.40 2.70 3.30 3.20 3.20 4.40 4.90 4.60 3.50 3.80 4.10 3.80 3.80 4.60 6.90 5.40 7.10 4.70 3.60 3.50 3.60 3.50 3.40 5.40 6.90 7.10 10.8 16.3 17.3 10.5 11.7 12.1 10.2 8.50 8.40 12.8 11.5 12.6 11.1 9.40 8.60 6.60 5.80 10.0 10.9 7.40 7.80 8.80 6.50 7.50 9.90 9.60 8.50 8.70 9.80 8.90 10.0 8.50 7.20 8.90 10.7 10.7 9.70 8.60 8.00 9.30 12.0 13.5 13.8 10.8 6.60 6.40
4.00 4.00 2.90 2.30 2.60 3.10 3.50 2.80 1.50 2.60 3.60 3.60 3.00 3.00 3.80 3.50 4.20 4.90 4.70 4.00 2.70 4.50 5.90 5.70 5.00 4.20 6.60 5.20 6.30 5.50 3.70 3.40 3.40 3.00 2.50 3.70 5.70 6.20 8.50 14.4 15.8 10.0 11.6 10.3 8.30 8.60 8.80 11.5 10.0 9.90 9.80 8.70 7.60 6.90 8.40 12.0 11.3 9.30 10.1 8.50 7.20 9.60 9.80 8.50 10.5 12.2 12.5 8.30 9.20 9.50 8.90 8.80 10.2 11.7 11.0 9.90 8.80 9.40 11.2 12.2 11.1 7.60 6.10 8.10
3.80 3.50 2.60 3.10 3.10 3.40 3.70 2.60 1.50 3.80 4.30 3.30 2.50 3.20 3.90 3.60 4.70 4.80 4.20 3.70 2.50 3.80 5.60 5.30 5.30 4.50 5.70 5.20 5.20 6.20 4.40 3.30 2.90 2.50 2.10 2.60 5.00 6.50 8.30 12.6 12.2 7.90 10.6 9.60 9.20 8.80 9.20 10.8 9.50 8.00 8.90 7.40 6.50 7.00 10.0 14.2 14.4 12.8 10.7 8.40 9.60 10.5 8.50 9.10 10.8 11.4 12.5 8.30 9.60 10.5 9.40 8.90 9.50 11.5 11.4 11.2 9.90 9.00 8.80 8.30 6.90 6.90 10.1 12.3
3.50 3.00 3.10 3.80 3.40 3.60 3.80 2.40 2.60 5.00 4.60 3.20 2.40 3.70 4.10 3.90 4.70 4.20 3.90 4.10 3.20 3.50 6.10 5.30 4.40 4.40 4.30 4.80 4.40 6.00 4.70 3.30 2.70 2.40 2.70 4.20 6.50 7.90 8.40 10.7 8.20 6.20 9.20 9.10 8.30 6.70 6.30 8.50 8.90 7.40 7.90 6.40 4.70 3.80 7.40 11.7 13.6 13.3 10.8 10.3 12.0 10.2 7.90 9.40 9.10 8.70 11.8 7.80 9.80 11.0 9.10 10.0 10.6 10.8 10.9 12.1 10.9 9.30 7.30 4.80 3.90 9.10 13.6 14.4
4.10 3.70 4.30 3.80 3.60 3.90 4.00 4.20 5.00 5.90 4.40 3.10 2.50 4.30 5.00 4.30 4.20 3.30 3.90 4.40 3.40 2.60 5.90 6.40 4.10 4.40 4.60 4.70 3.80 5.00 3.60 2.30 1.90 2.40 4.40 6.80 8.20 8.30 7.00 7.90 6.70 7.70 9.40 8.70 6.60 4.30 3.90 6.00 7.40 7.20 7.20 5.30 3.30 2.30 3.00 5.50 8.40 9.50 9.50 12.2 13.7 10.2 8.10 9.50 8.00 9.80 10.9 6.20 9.20 11.9 9.70 11.3 13.8 13.7 12.1 12.4 11.9 9.40 6.30 2.90 4.00 10.8 14.6 14.0
2.70 3.30 4.00 3.40 3.70 3.90 4.20 5.90 7.20 6.70 4.60 3.60 2.90 5.10 5.70 4.40 3.70 3.20 4.20 4.90 3.90 2.70 5.40 7.20 4.70 4.30 4.90 4.10 3.70 4.20 2.60 1.80 1.60 1.70 4.30 6.50 6.40 5.00 4.00 5.70 6.60 9.00 10.0 8.20 5.30 3.10 2.60 4.00 4.60 5.20 5.00 4.30 2.70 1.50 1.70 2.50 3.90 5.00 7.30 12.4 14.6 11.3 8.50 8.50 7.20 11.2 11.2 5.70 9.10 12.3 10.0 10.6 12.9 13.6 12.6 13.2 12.4 9.00 5.00 1.80 4.50 10.6 13.7 13.9
1.40 3.20 3.60 3.00 3.30 3.30 3.00 4.40 6.00 5.30 4.60 3.90 3.20 5.60 6.00 4.70 3.30 3.20 4.10 5.00 4.20 2.90 4.60 7.80 5.90 3.80 4.10 3.40 4.00 3.60 2.50 2.50 2.20 2.30 5.00 7.50 7.70 6.60 7.30 7.70 7.70 8.30 9.00 6.50 3.90 2.50 2.60 3.00 2.90 3.00 2.50 2.00 1.40 1.00 1.60 1.40 1.70 2.60 5.30 10.7 13.8 12.4 9.90 8.50 7.60 11.8 11.5 7.40 9.10 12.1 10.4 10.0 10.7 10.8 11.0 11.7 10.8 6.80 2.90 1.30 4.20 9.10 11.9 13.0
1.50 2.80 3.10 3.00 3.00 3.10 2.90 3.40 5.00 4.30 4.00 4.10 3.80 6.00 6.20 4.50 3.20 3.30 4.30 5.30 4.50 3.40 4.50 7.70 6.80 3.80 3.40 3.40 3.90 3.40 3.50 3.40 3.10 3.10 5.50 9.10 11.6 11.9 11.1 9.80 8.00 8.40 8.10 5.20 3.50 2.70 2.50 2.20 1.70 1.40 0.70 0.50 0.30 1.10 1.70 1.30 1.30 1.70 3.60 7.40 11.6 13.7 13.4 11.6 10.2 12.0 11.4 8.50 8.50 10.6 10.3 10.2 9.90 9.00 8.40 7.60 6.20 3.20 1.40 1.40 3.20 6.60 9.40 11.6
2.30 3.00 3.10 2.80 3.00 3.40 3.30 3.50 5.30 4.60 3.90 4.10 4.40 6.20 6.30 4.20 3.00 3.40 4.40 5.50 4.80 3.60 4.70 7.70 7.00 3.40 3.10 3.80 4.10 4.10 4.60 4.70 4.30 4.20 4.70 7.00 9.90 11.5 11.2 10.5 8.60 8.00 7.00 4.20 3.20 2.50 2.10 1.60 1.10 0.60 0.60 0.90 1.00 1.50 2.10 1.90 1.50 0.90 1.80 4.20 7.90 10.6 11.9 11.6 12.3 12.9 11.1 9.20 7.70 8.60 10.1 10.7 9.70 7.40 4.50 2.80 2.30 1.60 1.10 1.50 1.90 3.60 7.10 11.8
2.30 3.20 2.60 2.20 2.60 3.00 2.80 3.10 5.30 4.40 3.40 3.30 4.40 6.60 6.70 4.40 2.80 3.20 4.00 5.60 4.80 3.70 5.40 7.70 6.60 3.00 3.60 4.60 5.00 5.70 6.10 5.40 4.80 4.30 4.10 4.10 4.90 6.40 8.60 10.6 10.9 8.90 6.40 3.60 3.40 2.40 2.00 1.60 1.20 0.90 1.10 1.50 1.60 1.90 2.40 2.40 2.10 1.30 1.10 1.90 3.20 4.50 5.70 7.70 11.6 13.7 12.3 9.80 7.60 7.20 8.80 10.1 10.1 6.90 2.20 1.30 1.40 1.60 1.80 1.70 1.40 1.50 4.70 11.0
2.90 3.90 2.20 2.10 2.10 2.60 2.60 2.70 5.00 3.90 3.10 2.60 4.20 6.60 6.90 5.10 3.50 3.50 4.00 5.50 4.50 4.70 6.80 7.50 5.10 4.00 5.80 6.30 6.60 6.30 5.80 5.00 4.10 3.50 3.10 2.80 2.70 3.00 4.30 6.60 8.40 8.00 6.50 5.30 4.10 3.10 2.80 2.50 1.70 1.60 1.80 1.90 1.60 1.70 2.40 2.70 2.60 2.10 1.70 1.60 1.90 2.40 2.90 4.50 9.00 12.6 13.2 11.6 8.50 6.90 7.30 8.70 9.90 7.00 1.90 1.20 1.50 2.00 2.20 1.90 1.50 1.10 2.10 7.90
2.70 3.50 2.10 3.60 3.00 3.40 2.80 2.10 4.30 4.20 4.20 3.50 3.90 6.40 6.70 5.90 5.20 4.50 4.80 5.10 4.20 5.60 7.70 6.60 4.70 6.40 7.10 6.20 5.80 4.80 4.60 3.90 3.10 2.60 2.30 2.10 1.90 1.90 1.90 2.20 3.90 4.80 5.60 6.40 5.70 4.80 4.30 3.30 2.30 2.10 2.20 2.10 1.70 1.80 2.40 2.80 2.70 2.60 2.40 2.20 2.00 1.80 1.60 2.00 4.60 8.50 11.4 12.1 10.7 8.90 7.70 8.00 9.00 6.40 1.80 1.40 2.00 2.40 2.40 2.10 2.10 1.60 1.00 2.40
2.80 3.70 4.20 5.50 4.60 5.00 3.90 1.70 3.10 4.40 5.90 4.70 3.40 5.90 6.80 6.60 6.00 5.30 5.10 4.20 3.80 6.00 6.60 4.50 6.30 7.70 6.60 4.90 4.20 3.80 3.50 3.20 2.60 2.10 2.10 2.30 2.40 2.50 2.00 1.10 0.80 1.70 4.00 5.50 5.50 5.20 4.80 3.90 3.00 2.60 2.20 1.90 1.90 1.90 2.40 2.70 2.80 2.90 2.80 2.80 2.50 2.10 1.20 0.60 1.40 3.10 6.90 9.30 10.3 10.2 9.60 8.60 7.20 4.60 1.80 2.10 2.60 2.70 2.60 2.60 2.70 2.40 1.50 1.10
3.10 4.10 5.20 5.70 4.70 5.70 4.70 2.20 1.10 3.40 6.30 6.40 3.90 5.10 6.60 6.10 4.90 4.90 4.60 3.30 4.00 6.20 4.80 5.20 8.10 7.60 5.10 4.00 3.30 2.90 2.90 2.90 2.40 2.30 2.70 3.50 4.00 4.10 3.20 2.00 0.80 0.90 2.40 3.90 5.00 5.40 4.90 3.90 3.30 2.90 2.40 1.90 1.70 1.80 2.40 2.70 3.10 3.30 3.20 3.20 2.90 2.30 1.50 0.60 0.60 1.50 3.20 4.80 6.40 7.10 7.00 5.90 4.10 2.30 1.90 2.40 2.60 2.40 2.20 2.60 3.20 3.00 2.60 2.30
3.40 4.00 5.30 4.90 4.10 5.70 5.50 3.70 2.90 3.60 5.90 7.20 4.70 3.60 5.10 4.50 4.40 4.80 4.10 3.30 5.10 5.90 4.30 6.90 8.00 6.10 4.00 3.30 2.70 2.70 2.90 2.90 2.70 3.00 4.00 4.70 5.30 5.10 4.10 2.70 1.40 1.00 2.20 3.90 6.30 6.90 5.80 4.50 3.20 2.70 2.70 2.30 1.90 2.00 2.60 2.80 3.20 3.40 3.30 3.30 2.90 2.40 1.80 1.20 0.80 0.80 1.40 2.00 2.30 2.50 2.20 1.90 1.40 1.40 1.80 2.40 2.30 2.00 2.00 2.40 3.30 3.50 3.40 3.60
3.70 3.90 5.00 4.30 4.40 6.10 6.20 5.70 6.20 6.30 6.50 7.40 4.90 2.40 4.10 4.40 4.70 4.90 5.30 5.50 5.60 4.30 5.00 7.70 6.90 5.10 3.60 3.00 2.70 2.90 3.20 3.20 3.30 3.80 4.20 4.30 5.00 4.80 4.30 3.10 1.80 1.50 2.70 4.20 6.30 6.80 6.10 4.70 3.10 2.50 2.70 2.70 2.20 2.00 2.60 2.90 3.10 3.30 3.30 3.20 2.70 2.50 2.30 2.00 1.60 0.90 0.50 0.60 1.10 1.20 1.20 1.70 2.20 2.30 2.40 2.50 2.40 2.10 2.20 2.50 3.10 3.40 3.40 3.50
4.80 4.50 4.90 4.20 4.60 6.30 6.90 7.40 7.80 7.50 6.80 6.70 4.30 2.90 4.00 4.50 5.30 5.90 6.30 6.10 5.00 4.60 6.50 6.90 5.20 4.30 3.80 3.60 3.20 3.30 3.50 3.50 3.70 4.20 3.70 4.20 4.40 4.30 4.30 3.40 2.40 2.60 3.50 4.50 5.80 6.20 6.00 4.60 2.30 2.20 2.50 2.90 3.00 2.00 2.80 2.90 3.10 3.30 3.20 2.90 2.60 2.60 2.60 2.60 2.20 1.50 0.90 0.70 0.80 1.00 1.70 2.50 2.90 2.80 2.70 2.40 2.40 2.30 2.30 2.50 3.00 3.20 2.90 2.40
5.80 5.60 5.40 4.70 4.90 6.70 7.40 7.80 7.40 6.70 5.70 4.90 3.00 3.00 4.00 4.60 5.20 5.30 5.00 4.00 4.20 6.00 6.30 4.70 3.80 4.40 4.70 4.50 3.90 3.70 3.40 3.60 4.00 3.80 3.60 4.30 4.10 3.90 4.00 3.60 3.20 3.60 4.10 4.40 4.70 5.00 6.00 5.30 2.90 2.00 2.30 3.00 3.40 2.10 3.00 3.10 3.10 3.20 3.10 2.60 2.40 2.50 2.60 2.50 2.30 1.90 1.60 1.60 1.70 2.00 2.50 2.90 2.90 2.80 2.40 2.30 2.30 2.30 2.30 2.40 2.70 2.90 2.70 2.00
5.40 5.40 5.10 4.50 4.60 5.60 6.10 5.80 5.30 4.90 4.40 3.50 2.20 2.60 3.20 3.30 3.30 3.30 3.40 2.90 4.50 6.50 5.60 3.30 3.70 4.60 4.90 4.50 3.90 3.70 3.50 3.50 3.50 3.20 4.00 4.30 3.70 3.60 3.90 3.90 4.10 4.40 4.50 4.60 4.70 4.70 5.20 5.20 4.20 2.70 2.40 3.40 3.50 2.20 3.20 3.30 3.20 3.20 2.90 2.30 2.20 2.40 2.60 2.40 2.20 2.00 2.00 2.10 2.30 2.50 2.80 2.90 2.90 2.80 2.40 2.30 2.20 2.30 2.30 2.30 2.50 2.70 2.50 2.10
3.10 3.30 3.10 2.80 2.70 2.80 2.90 2.30 2.10 1.90 2.10 2.20 2.20 2.00 1.80 2.10 2.40 2.40 2.90 3.00 4.50 6.00 6.00 5.10 4.20 4.30 4.40 4.00 3.50 3.30 3.20 3.00 2.80 3.20 3.80 3.80 3.70 3.90 4.20 4.50 4.80 4.80 4.70 4.80 4.70 4.50 4.60 5.10 4.80 3.10 2.30 3.70 3.70 2.50 3.40 3.40 3.40 3.00 2.60 2.20 2.30 2.70 2.70 2.30 1.90 1.90 2.10 2.10 2.30 2.50 2.70 2.80 2.60 2.70 2.40 2.30 2.30 2.20 2.30 2.20 2.40 2.70 2.50 2.30
0.60 0.80 0.90 2.20 3.90 4.70 4.90 4.50 3.90 3.70 4.40 5.80 6.10 5.80 5.00 4.00 4.10 4.00 3.90 3.40 2.90 4.10 5.00 4.60 4.00 3.80 3.80 3.60 2.90 2.70 2.60 2.40 2.60 3.20 3.60 3.80 3.80 4.20 4.70 5.00 5.00 4.80 4.60 4.50 4.40 4.40 4.80 5.20 4.80 3.30 2.30 3.60 3.60 2.50 3.70 3.50 3.20 2.80 2.50 2.30 2.50 3.00 2.80 2.10 1.90 2.00 2.10 2.20 2.50 2.70 2.90 2.80 2.70 2.80 2.60 2.50 2.40 2.10 2.00 1.90 2.10 2.60 2.60 2.60
0.00 1.50 3.50 5.30 6.30 6.50 6.30 5.80 5.40 5.70 5.90 6.70 6.40 6.20 5.90 4.90 3.90 3.70 3.80 4.10 3.90 3.70 3.20 2.50 3.00 3.50 3.20 3.10 2.70 2.40 2.30 2.50 3.20 3.40 3.90 4.20 4.60 5.30 5.70 5.60 5.20 4.80 4.50 4.30 4.20 4.30 5.30 5.20 4.10 2.70 2.80 3.60 3.20 2.70 4.00 3.50 3.00 2.70 2.70 2.50 3.10 3.50 2.70 2.10 2.40 2.70 2.70 2.50 2.60 2.90 3.00 3.00 2.80 2.90 2.80 2.50 2.20 1.90 1.80 2.00 2.20 2.60 2.60 2.70
0.00 1.90 4.00 5.20 4.70 3.30 2.70 2.80 3.40 4.20 5.00 5.00 4.20 3.90 4.20 4.70 3.90 3.40 3.40 3.30 3.70 3.80 3.90 3.40 3.20 3.20 2.60 2.40 2.50 2.80 2.70 3.00 3.30 3.60 4.10 4.30 4.70 5.10 5.50 5.50 5.30 4.90 4.50 4.20 4.00 4.00 5.00 4.60 2.90 1.90 2.50 3.00 2.30 3.00 4.00 3.10 2.60 2.80 2.90 2.80 3.70 3.90 2.70 2.40 3.10 3.30 3.30 2.90 2.90 3.00 3.10 2.90 2.70 2.60 2.60 2.20 1.90 1.80 2.00 2.10 2.20 2.30 2.50 2.60
0.80 1.80 3.60 4.10 3.40 2.50 2.00 1.40 1.80 2.40 3.30 3.40 3.10 2.20 2.00 3.10 3.50 3.00 3.20 2.60 2.30 2.00 2.10 2.10 2.10 2.60 2.20 1.50 2.10 2.60 2.60 2.90 3.10 3.50 3.70 3.80 3.90 4.50 5.40 6.00 6.10 5.40 4.70 4.10 3.90 3.40 4.00 3.70 2.10 1.60 2.50 3.00 1.50 3.30 3.80 2.60 2.40 2.90 2.90 2.80 3.60 3.80 3.00 3.00 3.30 3.20 3.10 2.70 2.70 2.90 2.80 2.60 2.40 2.30 2.30 2.00 1.80 1.70 1.90 1.90 1.80 2.10 2.40 2.50
3.40 3.90 4.10 3.70 3.10 2.50 2.20 2.00 2.00 2.30 2.90 2.80 2.00 0.90 0.60 0.80 2.20 2.00 2.50 2.40 2.50 2.40 1.80 1.20 1.30 1.90 1.70 1.30 1.70 1.90 2.10 2.30 2.50 2.70 2.90 3.20 3.30 4.10 4.80 5.50 5.80 5.60 4.90 4.30 3.90 3.30 3.10 3.00 2.30 2.00 2.60 3.00 1.70 3.40 3.70 2.30 2.20 2.60 2.80 3.00 3.50 3.60 3.40 3.60 3.40 3.00 2.70 2.40 2.40 2.70 2.60 2.50 2.40 2.10 2.10 2.10 1.90 1.80 2.00 2.10 1.80 2.30 2.60 2.80
4.90 5.80 6.50 6.20 5.20 3.50 2.70 3.00 3.00 2.90 3.10 2.50 1.50 0.90 0.80 0.70 1.70 2.50 3.00 3.00 3.00 2.70 1.90 1.20 1.20 1.30 1.20 1.60 1.60 1.50 1.70 1.90 2.20 2.10 2.20 2.30 2.40 2.80 3.20 3.10 3.60 4.00 3.60 3.30 3.10 2.90 2.40 2.40 2.50 2.10 2.40 2.70 1.70 3.20 3.60 2.40 2.20 2.30 2.90 3.50 3.70 3.70 3.70 3.80 3.40 3.00 2.60 2.40 2.50 2.70 2.60 2.60 2.40 2.10 2.00 2.20 2.00 1.90 1.90 1.60 1.70 2.60 2.80 3.10
3.10 4.30 4.80 5.20 5.30 4.80 3.70 3.10 2.80 2.90 2.80 2.20 1.20 0.80 0.70 0.60 1.20 2.00 2.50 2.90 3.20 2.80 1.70 1.10 1.10 1.00 1.20 1.60 1.20 1.10 1.20 1.50 1.90 1.60 1.40 1.40 1.40 2.00 2.60 2.00 2.00 2.20 2.00 1.80 2.20 2.80 2.60 2.30 2.30 2.50 2.40 2.20 1.40 2.80 3.40 2.80 2.50 2.30 2.90 3.40 3.40 3.50 3.50 3.40 3.00 2.80 2.50 2.30 2.50 2.60 2.60 2.50 2.30 2.10 2.00 2.20 2.00 1.90 2.00 1.80 2.70 3.10 2.90 3.40
1.90 3.50 3.10 2.50 2.50 3.70 3.70 3.30 2.70 2.70 2.20 1.90 1.30 1.20 0.80 0.50 1.40 1.90 1.50 1.60 1.70 1.20 0.50 0.50 1.10 1.10 1.10 1.70 1.50 1.40 1.20 1.10 1.70 1.30 0.90 1.10 1.30 1.90 2.80 1.90 2.10 2.10 2.10 1.80 1.90 2.50 2.80 2.80 2.50 2.80 2.60 2.00 1.20 2.10 2.70 2.60 2.60 2.50 2.80 3.20 3.30 3.40 3.30 2.90 2.70 2.50 2.30 2.00 2.30 2.70 2.70 2.60 2.30 2.20 2.10 2.10 2.00 2.00 2.10 2.30 3.40 3.20 3.10 3.60
2.40 3.90 3.30 2.50 1.50 1.60 2.20 2.50 2.60 2.50 1.50 1.20 0.80 1.10 0.80 0.50 1.50 2.00 1.70 1.80 1.70 1.00 0.50 0.60 1.00 1.30 1.90 2.40 1.80 1.80 1.60 1.50 1.70 1.20 1.30 1.90 2.10 2.40 3.10 2.10 2.20 2.10 1.80 1.80 1.50 1.90 2.20 2.80 3.20 3.00 2.70 2.10 1.30 1.40 1.90 2.20 2.30 2.40 2.80 3.40 3.60 3.50 2.90 2.70 2.40 2.50 2.70 2.60 2.70 3.10 3.00 2.80 2.50 2.30 2.10 2.00 1.90 1.60 1.20 2.70 4.20 3.40 3.20 3.40
2.50 4.10 4.20 3.90 2.70 1.50 1.50 1.80 1.90 1.80 1.10 1.20 1.30 1.40 1.30 1.10 1.80 2.30 2.20 2.30 1.90 1.40 1.40 1.80 2.00 2.10 2.60 2.60 2.10 2.40 1.90 1.50 1.40 0.70 1.50 1.90 1.80 2.50 3.00 2.20 2.20 2.00 1.40 1.30 1.20 1.70 2.00 2.10 2.20 2.20 2.20 2.10 1.30 1.20 1.50 1.90 2.10 2.30 2.40 2.60 2.70 2.20 1.70 1.90 1.60 2.50 3.50 4.20 4.30 4.10 3.40 2.90 2.50 2.30 2.00 2.00 2.10 1.80 1.40 3.40 4.30 3.40 3.20 3.00
3.00 4.10 4.60 4.90 4.10 2.40 1.60 1.10 0.70 0.60 0.50 0.70 1.20 1.50 1.80 1.60 1.90 2.00 2.20 2.20 1.70 1.40 1.90 2.00 2.00 1.70 1.80 1.50 1.90 2.70 1.80 1.40 1.40 1.40 1.90 2.10 2.00 2.40 2.70 1.90 2.10 2.20 1.60 0.70 1.20 1.80 2.40 2.10 1.20 1.00 1.30 1.90 1.20 0.80 1.10 1.60 1.90 2.20 2.10 2.20 2.80 2.60 2.00 1.80 0.80 2.00 2.90 3.80 4.20 4.00 3.40 2.80 2.50 2.40 2.10 2.10 2.30 1.90 2.40 3.90 4.20 3.20 2.80 2.60
2.40 3.40 3.60 4.10 4.00 2.80 1.70 1.20 1.10 1.20 1.00 1.00 1.40 1.80 1.80 1.50 1.80 1.80 2.00 2.00 1.40 1.10 1.60 1.50 1.30 1.10 1.30 1.20 2.20 2.50 1.60 1.60 1.70 1.90 2.30 2.40 2.30 2.20 2.20 1.60 2.30 2.50 1.60 1.40 2.20 2.70 2.70 2.30 1.40 1.30 1.20 1.70 1.40 1.00 0.90 1.20 1.50 1.80 2.20 2.70 3.30 3.10 1.70 0.80 0.40 1.70 2.50 2.80 2.40 2.50 2.60 2.50 2.40 2.50 2.20 2.30 2.10 1.80 3.20 4.10 3.60 2.90 2.50 2.40
3.60 5.00 5.20 4.90 4.00 2.50 1.50 1.40 1.60 1.70 1.70 1.80 2.00 1.80 1.20 1.10 2.00 2.10 2.20 1.70 0.80 1.40 1.90 1.80 1.80 1.80 1.90 1.90 2.50 2.20 2.00 2.20 1.80 1.90 2.20 2.20 1.80 1.40 1.90 1.80 2.50 3.20 2.20 2.70 3.50 3.50 2.90 2.20 1.60 1.50 1.10 1.50 1.50 1.20 0.90 0.90 1.10 1.40 2.40 2.80 3.20 3.20 1.80 0.90 0.20 1.50 2.70 3.30 2.60 2.10 2.20 2.40 2.40 2.50 2.40 2.60 2.20 2.70 3.90 4.00 2.90 2.40 2.30 2.50
3.60 5.20 4.80 4.00 3.00 1.80 1.00 1.20 1.50 1.70 1.90 1.70 1.70 1.20 0.90 1.20 2.10 2.20 2.20 1.30 0.20 1.50 2.10 1.70 1.50 1.70 1.60 2.00 2.50 2.20 2.30 2.50 2.30 2.20 1.90 1.40 0.90 1.00 1.80 1.70 2.20 3.00 2.70 3.00 3.30 2.90 2.30 1.80 1.40 1.30 1.00 1.30 1.30 1.30 1.00 0.70 1.10 1.60 2.50 2.70 2.80 2.80 1.80 1.30 0.90 1.00 2.30 3.50 3.10 2.40 1.90 1.90 2.10 2.40 2.40 2.20 2.40 3.60 3.90 3.40 2.40 2.10 2.30 2.60
